.Random.seed <-
c(403L, 10L, 1842999626L, -472917835L, 566276111L, 657418518L, 
1406260160L, -1133133949L, -326980191L, -1595076208L, 91273838L, 
-400278503L, -555237205L, -1052900198L, -1729407908L, 1985933663L, 
-1668795595L, -1276422452L, -142449630L, -571378051L, 1664461687L, 
-691608418L, -575257768L, 2090591931L, -179386279L, -281674776L, 
72179222L, -470589039L, 1161466435L, -1215852206L, 985736676L, 
-73880537L, 1556772989L, -1152866956L, 1093159258L, -578429019L, 
-732807233L, 1927271494L, -1931521328L, -1655554829L, 2070993425L, 
1579957312L, 177238046L, 1967255273L, -1499575269L, -709688278L, 
-1514088628L, -1273516785L, -1345728443L, 1487321596L, 936368210L, 
1969037773L, -378453113L, 191112814L, 1931142728L, 1800339531L, 
460048809L, 1358750968L, -1903243226L, -483155647L, 738926291L, 
-1638316414L, -1363817292L, -490638281L, 560215853L, -1946700732L, 
190134634L, 876942805L, 868479855L, -1790252426L, -2084532832L, 
231307875L, 1207347969L, -1926675856L, -2024522226L, -886286727L, 
133669387L, 1728830266L, -1443986884L, -1545977473L, -962835755L, 
1358908140L, 1389935682L, -1670311011L, 1742416407L, 1318809470L, 
-541082312L, -652117477L, 1924162425L, -1445243448L, -725251594L, 
1950989361L, 1876082275L, 462045746L, -977383548L, -1876271673L, 
2064561309L, -441175020L, 1015042746L, -60804347L, 121915615L, 
1956262246L, 860124400L, 653590547L, -1297242703L, -939089824L, 
2120871422L, -1754662519L, -146616645L, 1698761354L, 1059845484L, 
-469314833L, -2102506203L, -433988644L, 131283378L, -341198675L, 
-2132711321L, -554516594L, -430872472L, -417516437L, -2036802039L, 
-719806312L, -1223537722L, -273940703L, 1486605235L, -1617435870L, 
2053747988L, -2079459945L, 148622733L, 1524845732L, -1213272438L, 
1258398965L, 1777654607L, 1546478678L, -406919424L, -174202301L, 
-438584863L, -700031664L, 2129105838L, 1569165657L, -1817522325L, 
-2037498150L, 83054492L, 1016492959L, 144251381L, 410590348L, 
232432994L, -754894531L, -1569599049L, -1322658210L, 2060550040L, 
1724763899L, 1609082521L, -1384853720L, -1446353450L, 1665329745L, 
-1802485501L, 1104206994L, -2118479324L, 454536423L, -1300479683L, 
600028596L, 1640294938L, 22712677L, 1505099775L, 199579270L, 
-776688112L, -2034469709L, 1960709969L, 726803200L, 784579038L, 
-1039736279L, 900960731L, -770834710L, 387730572L, -1859341361L, 
-729134203L, -543020996L, -1253365486L, 1038810637L, -1249972921L, 
230418222L, 1141774984L, -1173255285L, -1780266135L, -896269000L, 
92637158L, -525017215L, -1346291949L, -2050137918L, 819034996L, 
-571668617L, 1690525805L, -565526780L, 1547468330L, -1452395627L, 
1353160751L, -1175604938L, -2089922208L, 1194225571L, 495818945L, 
-1712437072L, 511563726L, -1082078407L, 248660811L, -873973510L, 
948494844L, -1860304321L, -1296414955L, 1396077612L, 488328450L, 
-55843363L, -1365076777L, -539435074L, 234699256L, 1412234715L, 
1995740217L, 553096584L, -1986920138L, 1334082417L, -105645661L, 
-1497479950L, 1589672004L, -1614357753L, -1673086243L, -1683053612L, 
2035507962L, 28685893L, -827912545L, 475722812L, 1752118548L, 
2060483266L, -1347676448L, 645049468L, 609802960L, -2144204382L, 
1546640424L, 228366092L, 1643961788L, -2104936654L, 1195294400L, 
-728375244L, -900596024L, -1749325638L, 1169584784L, -485196052L, 
849619540L, 402681490L, 617565472L, -902134324L, -302522656L, 
-1363524414L, 1823357992L, 2014258092L, 631295676L, 431028210L, 
690047536L, 1461928868L, 1093483960L, 1185816410L, 1082818704L, 
975261564L, 86160660L, -167102142L, -738061056L, -359329348L, 
906687824L, 1634320674L, -2138320312L, 612832268L, -1867820452L, 
-1366190638L, 271724032L, -674899628L, 818191592L, -532215558L, 
-1903539504L, 1287561004L, -1920977676L, -1105703534L, -259997344L, 
1016303628L, -803301152L, 1804338786L, -1223827288L, -566316980L, 
1219987324L, 422300978L, 247262832L, -1141774524L, 1376492504L, 
264767354L, 475079728L, 1922131900L, -190092716L, 1987684418L, 
608900768L, -677948740L, -1961893936L, 1132233058L, 84675304L, 
-924398388L, 155638268L, 1841918450L, -1492187008L, -1162625548L, 
123980424L, -1534482630L, -1620815536L, 1838116972L, 1067677076L, 
858145874L, -1940123168L, -1096990516L, 234293920L, 1496959362L, 
892620008L, -52358420L, -250902212L, 1503257714L, -445116816L, 
-1160542684L, 1860532280L, 696984858L, 308076752L, 1851874620L, 
2128723860L, 101158786L, -1773019200L, 1459365436L, -597223024L, 
-1268616158L, 1118591240L, 1040397452L, 309175068L, -3856238L, 
-572139136L, 618183700L, 2064289576L, -1111828934L, 357999056L, 
1470533996L, 1644722100L, -232813038L, 1774023648L, -887867956L, 
1575277792L, -1623277534L, 464078632L, -145136116L, 1307812668L, 
1343108082L, 862669552L, 144869956L, 1666025048L, 1575438138L, 
-589913104L, -1239025988L, -153471724L, 1056215234L, -4555680L, 
-773228164L, 2032625616L, -999446238L, 1093058216L, 369920908L, 
-2012140356L, -1109532878L, 235082304L, 1774216372L, -1815325624L, 
1078983098L, -1665855984L, 2032957676L, 1517562196L, -737630446L, 
1758332320L, 1879960268L, -2075548064L, 1893830594L, 1052164904L, 
-988119636L, -1240362692L, -836964494L, -852754128L, -1435361500L, 
-908135112L, -1637786918L, -1821763696L, 925537020L, -363700332L, 
1464735810L, -1596470016L, -912954308L, 1403288912L, 1222043810L, 
-1668905144L, 1763448588L, 1138752220L, 1479263058L, 447824512L, 
1234479188L, 70401000L, -1826425094L, 932489552L, -1135852756L, 
-512657548L, -553127022L, -590293408L, 1121632140L, 1253335904L, 
-1868724254L, 1894477736L, 316333260L, 328945148L, -1887810638L, 
1691494896L, 1811990980L, 675983704L, 1454384506L, 1118138800L, 
1712017340L, 1831587924L, 669320130L, 1590420512L, -798167876L, 
-2070615472L, 2132398050L, 1354724968L, 1871268428L, 1827389692L, 
1403383794L, 196295936L, 99129204L, 182280200L, -1687390790L, 
-1711882800L, 1674052588L, 2089099156L, -827634734L, 1106229088L, 
702854476L, -1939170016L, 1780978562L, -303854872L, -1237912340L, 
-605930948L, -1407345806L, 634145392L, 1888667684L, 1027766072L, 
-171066214L, 457880272L, 297935036L, -2042059116L, -314087806L, 
-850682662L, 210347160L, -1337302271L, -1484240717L, -1018780716L, 
1972190946L, 1344995191L, 126796481L, -1189825978L, 752434564L, 
1215226677L, 1150648607L, 1872898168L, -1797819050L, 1556155363L, 
1803666853L, 876390466L, 1764976176L, -1838834087L, 1042192331L, 
774309948L, -692373910L, 996002975L, 358571305L, -1472255554L, 
1528252588L, -1871876611L, 294720839L, -1213755856L, 872781646L, 
-1835807877L, 1852558557L, -1530987254L, 1151043624L, 1772919953L, 
-779687805L, 444336516L, 1579513778L, -1561183993L, -886342831L, 
-589755690L, -672238668L, 23448517L, 1598147343L, 1773296008L, 
914996390L, 805006419L, -58397259L, -1374223598L, -1850093344L, 
135550281L, -1144551557L, -920214964L, -434263078L, -1343798833L, 
-484599911L, 425455534L, 1792783548L, -1020965587L, 596885207L, 
1146767136L, 1529016446L, -897051061L, 604007501L, -1445219718L, 
-1479693640L, -1385078687L, 2110333459L, 809216052L, -1063082430L, 
-119737769L, 302924193L, 1142915686L, 1382867556L, -709774955L, 
-1972163905L, 2144899672L, 758171254L, 1420384899L, -771817787L, 
-925242398L, 894314064L, -885001351L, -744269653L, 954495004L, 
2089082698L, -776448193L, 1168370057L, 668989854L, -757649332L, 
-1509262819L, -1624516697L, 852978384L, 224066670L, -286735589L, 
878754941L, -52555158L, 1195025160L, -1903498319L, -1095115741L, 
-1038863068L, -191049262L, 241594919L, 805198961L, -1654324554L, 
2083294804L, 1611166437L, -102093073L, -635909592L, 802086534L, 
263936179L, 2041671189L, -2074263438L, 546696384L, 530145577L, 
427333531L, 764522604L, 1487799418L, 1546431919L, 968600761L, 
1157617358L, 1317450780L, -954816627L, 1241690615L, -955357952L, 
2036036446L, -2026474453L, -1200084179L, 1790875546L, -36149928L, 
-658110271L, -2127030413L, 269712532L, 1004603682L, 639514679L, 
87910657L, -991134714L, -739976636L, 2091660149L, 293107423L, 
-297635272L, -167724522L, -2099974621L, -524875291L, -1881663486L, 
239243888L, 1064876057L, 329847307L, -1939212036L, -1686272726L, 
